0.000000 0.000000
0.101010 0.100838
0.202020 0.200649
0.303030 0.298414
0.404040 0.393137
0.505050 0.483852
0.606061 0.569634
0.707071 0.649610
0.808081 0.722963
0.909091 0.788945
1.010101 0.846886
1.111111 0.896192
1.212121 0.936363
1.313131 0.966988
1.414141 0.987755
1.515152 0.998452
1.616162 0.998971
1.717172 0.989306
1.818182 0.969556
1.919192 0.939922
2.020202 0.900706
2.121212 0.852307
2.222222 0.795220
2.323232 0.730026
2.424242 0.657390
2.525253 0.578053
2.626263 0.492822
2.727273 0.402567
2.828283 0.308209
2.929293 0.210709
3.030303 0.111060
3.131313 0.010279
3.232323 -0.090606
3.333333 -0.190568
3.434343 -0.288587
3.535353 -0.383664
3.636364 -0.474830
3.737374 -0.561155
3.838384 -0.641760
3.939394 -0.715823
4.040404 -0.782587
4.141414 -0.841375
4.242424 -0.891584
4.343434 -0.932705
4.444445 -0.964317
4.545455 -0.986099
4.646465 -0.997828
4.747475 -0.999385
4.848485 -0.990753
4.949495 -0.972022
5.050505 -0.943381
5.151515 -0.905124
5.252525 -0.857639
5.353535 -0.801411
5.454545 -0.737013
5.555555 -0.665102
5.656566 -0.586410
5.757576 -0.501740
5.858586 -0.411956
5.959596 -0.317971
6.060606 -0.220746
6.161616 -0.121270
6.262626 -0.020558
6.363636 0.080364
6.464646 0.180467
6.565657 0.278730
6.666667 0.374151
6.767677 0.465758
6.868687 0.552617
6.969697 0.633843
7.070707 0.708607
7.171717 0.776147
7.272727 0.835775
7.373737 0.886882
7.474748 0.928949
7.575758 0.961545
7.676768 0.984339
7.777778 0.997098
7.878788 0.999692
7.979798 0.992096
8.080808 0.974385
8.181818 0.946741
8.282828 0.909446
8.383839 0.862879
8.484848 0.807517
8.585858 0.743922
8.686869 0.672743
8.787879 0.594705
8.888889 0.510605
8.989899 0.421301
9.090909 0.327701
9.191919 0.230760
9.292930 0.131467
9.393939 0.030834
9.494949 -0.070114
9.595960 -0.170347
9.696970 -0.268843
9.797979 -0.364598
9.898990 -0.456637
10.000000 -0.544021
